<?xml version="1.0"?>
<opencv_storage>
<depthSurfHomography type_id="opencv-matrix">
  <rows>3</rows>
  <cols>3</cols>
  <dt>d</dt>
  <data>
    5.3796507129575921e-001 7.6620274819030956e-002
    -6.6385829652749294e+001 2.2142633175049657e-002
    5.2806116051443919e-001 5.5222010507766427e+001
    1.0180958008463906e-004 1.9835685945842574e-004 1.</data></depthSurfHomography>
</opencv_storage>
