<?xml version="1.0"?>
<opencv_storage>
<depthSurfHomography type_id="opencv-matrix">
  <rows>3</rows>
  <cols>3</cols>
  <dt>d</dt>
  <data>
    5.6428688299670482e-001 1.1954661739692686e-001
    -1.2682191394448994e+002 -1.5191010585941090e-002
    5.6469387437693530e-001 2.1482849043433806e+001
    7.3718659924565177e-005 3.4734592973701404e-004 1.</data></depthSurfHomography>
</opencv_storage>
