<?xml version="1.0"?>
<opencv_storage>
<depthSurfHomography type_id="opencv-matrix">
  <rows>3</rows>
  <cols>3</cols>
  <dt>d</dt>
  <data>
    4.3576515333925564e-001 7.5913336400803763e-002
    -5.0252297236283177e+000 -2.3115289306188991e-002
    4.7810830898811263e-001 7.6274372353629587e+001
    -4.6010089937822484e-005 1.8209230492676127e-004 1.</data></depthSurfHomography>
</opencv_storage>
