<?xml version="1.0"?>
<opencv_storage>
<rgbSurfHomography type_id="opencv-matrix">
  <rows>3</rows>
  <cols>3</cols>
  <dt>d</dt>
  <data>
    4.9178020955142276e-001 9.3043933393690909e-002
    -4.3208903573991442e+001 -2.5735994951018716e-003
    4.9437224532978302e-001 3.4990932714537031e+001
    8.3267429550400621e-005 2.6073383108203660e-004 1.</data></rgbSurfHomography>
</opencv_storage>
