<?xml version="1.0"?>
<opencv_storage>
<rgbSurfHomography type_id="opencv-matrix">
  <rows>3</rows>
  <cols>3</cols>
  <dt>d</dt>
  <data>
    4.6813684126342425e-001 8.1845039616236001e-002
    -7.6501706514944274e+000 1.0166416088026678e-003
    5.0203042450446655e-001 7.6185004188839187e+001
    4.4300567686737190e-005 2.3665621615297171e-004
    9.9999999999999989e-001</data></rgbSurfHomography>
</opencv_storage>
