<?xml version="1.0"?>
<opencv_storage>
<rgbSurfHomography type_id="opencv-matrix">
  <rows>3</rows>
  <cols>3</cols>
  <dt>d</dt>
  <data>
    4.4353959838693208e-001 7.4248776952759443e-002
    2.4673192045518022e+001 -4.4841351389727276e-003
    4.6194102681106380e-001 8.2230223668647113e+001
    1.1473288590940990e-005 1.9799925949900719e-004 1.</data></rgbSurfHomography>
</opencv_storage>
