<?xml version="1.0"?>
<opencv_storage>
<rgbSurfHomography type_id="opencv-matrix">
  <rows>3</rows>
  <cols>3</cols>
  <dt>d</dt>
  <data>
    4.9073367448210498e-001 9.5410169466861053e-002
    -4.3547140205471976e+001 -2.9878342330541649e-003
    4.9687307329924224e-001 3.4039363121059608e+001
    8.1765316050483460e-005 2.6408259693251114e-004 1.</data></rgbSurfHomography>
</opencv_storage>
