<?xml version="1.0"?>
<opencv_storage>
<rgbSurfHomography type_id="opencv-matrix">
  <rows>3</rows>
  <cols>3</cols>
  <dt>d</dt>
  <data>
    4.6033009443558914e-001 8.7144569015772888e-002
    -5.8584884059956535e+000 -4.9315837795886027e-003
    5.0469231351366595e-001 7.7938906762009893e+001
    2.9224795065959274e-005 2.5151094458663692e-004 1.</data></rgbSurfHomography>
</opencv_storage>
