<?xml version="1.0"?>
<opencv_storage>
<rgbSurfHomography type_id="opencv-matrix">
  <rows>3</rows>
  <cols>3</cols>
  <dt>d</dt>
  <data>
    4.4751246285529628e-001 7.6402190546264279e-002
    2.4380397039386942e+001 -3.2632367944562543e-003
    4.7183193748740093e-001 7.8231594252340102e+001
    1.3131182934096306e-005 2.1418592964932945e-004 1.</data></rgbSurfHomography>
</opencv_storage>
