<?xml version="1.0"?>
<opencv_storage>
<rgbSurfHomography type_id="opencv-matrix">
  <rows>3</rows>
  <cols>3</cols>
  <dt>d</dt>
  <data>
    4.7788044149876135e-001 5.1381429124031042e-002
    -1.8564888097203394e+001 4.5613767408256498e-003
    4.6702819424567027e-001 1.4198755917525580e+002
    7.9367338991595226e-005 1.2626077856316251e-004 1.</data></rgbSurfHomography>
</opencv_storage>
